4

0
0.000000
0.000000
0.000000
0.000000
0.000000
0.000000
0.000000
0.000000
0.000000
25.000000
0.000000
0.000000
25.000000
0.000000
0.000000
0.000000
0.000000
0.000000
0.000000
0.000000
0.000000
0.000000
0.000000
0.000000
0.000000
0.000000

1
2.000000
0.000000
0.000000
0.000000
90.000000
90.000000
0.000000
0.000000
0.000000
25.000000
0.000000
0.000000
25.000000
0.000000
0.000000
0.000000
0.000000
0.000000
0.000000
0.000000
0.000000
0.000000
0.000000
0.000000
0.000000
0.000000

2
4.000000
0.000000
0.000000
0.000000
180.000000
180.000000
0.000000
0.000000
0.000000
25.000000
0.000000
0.000000
25.000000
0.000000
0.000000
0.000000
0.000000
0.000000
0.000000
0.000000
0.000000
0.000000
0.000000
0.000000
0.000000
0.000000

3
6.000000
0.000000
0.000000
0.000000
-90.000000
-90.000000
0.000000
0.000000
0.000000
25.000000
0.000000
0.000000
25.000000
0.000000
0.000000
0.000000
0.000000
0.000000
0.000000
0.000000
0.000000
0.000000
0.000000
0.000000
0.000000
0.000000

4
8.000000
0.000000
0.000000
0.000000
0.000000
0.000000
0.000000
0.000000
0.000000
25.000000
0.000000
0.000000
25.000000
0.000000
0.000000
0.000000
0.000000
0.000000
0.000000
0.000000
0.000000
0.000000
0.000000
0.000000
0.000000
0.000000

