5

0
0.000000
0.000000
0.000000
0.000000
0.000000
0.000000
0.000000
0.000000
0.000000
0.000000
0.000000
0.000000
0.000000
0.000000
0.000000
0.000000
0.000000
0.000000
0.000000
0.000000
0.000000
0.000000
0.000000
0.000000
0.000000
0.000000

1
1.000000
0.000000
0.000000
0.000000
0.000000
0.000000
0.000000
0.000000
0.000000
25.000000
0.000000
0.000000
25.000000
0.000000
0.000000
0.000000
0.000000
0.000000
0.000000
0.000000
0.000000
0.000000
0.000000
0.000000
0.000000
0.000000

2
2.000000
0.000000
0.000000
0.000000
0.000000
90.000000
0.000000
0.000000
0.000000
65.000000
0.000000
0.000000
65.000000
0.000000
0.000000
0.000000
0.000000
0.000000
0.000000
0.000000
0.000000
0.000000
0.000000
0.000000
0.000000
0.000000

3
3.000000
0.000000
0.000000
0.000000
0.000000
180.000000
0.000000
0.000000
0.000000
25.000000
0.000000
0.000000
25.000000
0.000000
-22.000000
0.000000
0.000000
22.000000
0.000000
0.000000
0.000000
0.000000
0.000000
45.000000
0.000000
0.000000

4
4.000000
0.000000
0.000000
0.000000
0.000000
180.000000
0.000000
0.000000
0.000000
25.000000
0.000000
0.000000
25.000000
0.000000
22.000000
0.000000
0.000000
-22.000000
0.000000
0.000000
0.000000
0.000000
0.000000
0.000000
45.000000
0.000000

5
5.000000
2.000000
0.000000
0.000000
45.000000
180.000000
0.000000
0.000000
0.000000
49.062500
0.000000
0.000000
49.062500
0.000000
-22.000000
0.000000
0.000000
22.000000
0.000000
0.000000
0.000000
0.000000
0.000000
45.000000
0.000000
0.000000

